0.4812 0.7790 0.8904 0.7361 0.9552 0.2119 0.7992 0.2409 4 
0.4472 0.5985 0.7859 0.5035 0.6912 0.4038 0.0787 0.2301 1 
0.8935 0.2847 0.8683 0.8644 0.8472 0.4715 0.6769 0.3718 4 
0.5524 0.7383 0.9025 0.2097 0.3923 0.5036 0.1844 0.7344 1 
0.6524 0.8210 0.5734 0.1340 0.9937 0.3290 0.9647 0.0209 4 
0.2181 0.6077 0.9200 0.8706 0.5756 0.2604 0.3237 0.6735 2 
0.4959 0.3643 0.8529 0.6401 0.9210 0.9570 0.1753 0.9889 2 
0.4759 0.7728 0.8948 0.6711 0.5310 0.9676 0.7964 0.7038 4 
0.9230 0.3293 0.7035 0.1586 0.3122 0.5872 0.8711 0.9232 3 
0.6047 0.5320 0.4351 0.3108 0.5829 0.5992 0.0610 0.2473 1 
0.3832 0.5558 0.5783 0.8767 0.6520 0.6192 0.9235 0.0980 4 
0.0569 0.0989 0.7698 0.4557 0.8367 0.8955 0.7722 0.7123 4 
0.5864 0.6182 0.5906 0.6466 0.6669 0.7425 0.3832 0.1410 3 
0.5692 0.0434 0.5163 0.5827 0.4372 0.8765 0.6488 0.1138 4 
0.7616 0.0431 0.4844 0.9489 0.4754 0.4391 0.0637 0.7031 1 
0.3521 0.6862 0.8943 0.1554 0.7318 0.0271 0.9325 0.8587 2 
0.6196 0.3869 0.0770 0.5733 0.6606 0.6621 0.1042 0.7429 1 
0.6216 0.9404 0.3653 0.5765 0.7627 0.5570 0.2417 0.1787 2 
0.3523 0.2733 0.8712 0.6509 0.0406 0.1074 0.3693 0.9397 1 
0.3780 0.9958 0.8287 0.4050 0.7215 0.1240 0.0990 0.1088 1 
0.7469 0.2677 0.9922 0.9123 0.5859 0.2885 0.4938 0.5812 2 
0.1622 0.4765 0.5667 0.9705 0.7059 0.4101 0.1247 0.0242 2 
0.4331 0.8520 0.5343 0.1210 0.0194 0.8333 0.7471 0.4288 3 
0.6256 0.4641 0.5676 0.4176 0.1593 0.8084 0.9225 0.7032 4 
0.9684 0.9889 0.2335 0.2109 0.1333 0.4362 0.1358 0.9172 1 
0.7984 0.6083 0.8664 0.8048 0.9908 0.5083 0.1968 0.1459 2 
0.7445 0.1358 0.8474 0.2198 0.6855 0.9735 0.4088 0.2665 3 
0.8612 0.7263 0.0462 0.4384 0.4101 0.6379 0.7900 0.6446 3 
0.6789 0.7596 0.7362 0.9301 0.4093 0.4777 0.5403 0.6852 3 
0.0532 0.6588 0.8242 0.1272 0.6294 0.8263 0.1812 0.7341 1 
0.6758 0.3141 0.4963 0.2439 0.5383 0.5909 0.2770 0.2209 2 
0.7880 0.5902 0.7928 0.1891 0.5619 0.9724 0.2408 0.3500 2 
0.4132 0.8121 0.7897 0.6418 0.9571 0.3266 0.4889 0.2497 3 
0.8887 0.7440 0.2577 0.7438 0.7165 0.4886 0.4274 0.8837 2 
0.6060 0.7074 0.1020 0.4262 0.3175 0.7145 0.2374 0.0915 2 
0.1955 0.7486 0.4338 0.3633 0.1609 0.5862 0.4603 0.0077 2 
0.3168 0.7726 0.0206 0.6132 0.8128 0.9234 0.7683 0.3377 4 
0.0367 0.7945 0.6199 0.6467 0.3433 0.8471 0.9591 0.5463 4 
0.9481 0.2798 0.1200 0.0589 0.1986 0.6711 0.1009 0.9328 1 
0.5341 0.3201 0.6024 0.1187 0.0570 0.7407 0.2985 0.4488 1 
0.5063 0.9339 0.0761 0.9388 0.6561 0.3894 0.5645 0.7374 3 
0.3866 0.1777 0.5694 0.0783 0.4846 0.2908 0.8516 0.4163 3 
0.1337 0.2890 0.5453 0.5832 0.6277 0.7139 0.1598 0.6639 2 
0.8656 0.5058 0.6696 0.5527 0.5933 0.1310 0.8696 0.4330 3 
0.9757 0.7371 0.4207 0.3619 0.4828 0.2763 0.2590 0.7722 1 
0.1790 0.6556 0.8871 0.0501 0.4756 0.1518 0.8010 0.2587 3 
0.7926 0.6413 0.9526 0.2495 0.5114 0.1409 0.0386 0.9096 1 
0.6078 0.5336 0.1450 0.6819 0.6199 0.9111 0.7794 0.0895 4 
0.9860 0.2368 0.4694 0.8187 0.4487 0.2133 0.9561 0.6313 4 
0.9974 0.9105 0.4133 0.5994 0.7251 0.5734 0.7952 0.2492 4 
0.7716 0.2485 0.7614 0.6020 0.0415 0.1927 0.2035 0.0644 1 
0.8202 0.9579 0.0947 0.5602 0.4451 0.1787 0.3016 0.3694 1 
0.0097 0.0746 0.4453 0.7305 0.7388 0.9530 0.3426 0.9028 2 
0.9962 0.3551 0.0486 0.4895 0.5263 0.9460 0.1321 0.2471 2 
0.9081 0.5360 0.8281 0.9459 0.3287 0.3515 0.7365 0.2520 4 
0.2794 0.9814 0.9017 0.8801 0.1064 0.7737 0.1601 0.5826 2 
0.9548 0.5472 0.8570 0.4353 0.1050 0.4246 0.1556 0.4855 1 
0.6005 0.7662 0.3622 0.4726 0.5447 0.4432 0.5650 0.8829 2 
0.5849 0.5618 0.0539 0.2362 0.7442 0.9155 0.0945 0.3166 1 
0.7685 0.2826 0.6933 0.5636 0.1380 0.8555 0.0794 0.1164 2 
0.5674 0.3051 0.7661 0.8062 0.6282 0.0879 0.3489 0.3952 2 
0.6144 0.4288 0.3547 0.5009 0.0760 0.7418 0.8835 0.8095 4 
0.5312 0.4347 0.2315 0.7701 0.5632 0.6094 0.9000 0.5827 4 
0.5473 0.7722 0.6806 0.8687 0.7293 0.9919 0.0191 0.8679 2 
0.3716 0.5722 0.7293 0.9863 0.4692 0.5086 0.3238 0.7034 2 
0.4084 0.5848 0.1591 0.4507 0.1163 0.8128 0.6955 0.3358 4 
0.8503 0.9472 0.3231 0.6336 0.8229 0.2852 0.1396 0.8748 1 
0.0253 0.8608 0.1166 0.6086 0.0426 0.1265 0.8071 0.2227 3 
0.3621 0.1351 0.5871 0.3913 0.2920 0.4928 0.4216 0.6054 2 
0.9958 0.8161 0.3467 0.3267 0.1111 0.5734 0.1239 0.6629 1 
0.2379 0.2725 0.3429 0.2806 0.1072 0.2250 0.8440 0.4489 2 
0.0981 0.5195 0.4728 0.8508 0.4044 0.3883 0.2143 0.0471 2 
0.3626 0.3122 0.4631 0.1149 0.7333 0.2922 0.0566 0.1968 1 
0.1666 0.6800 0.9671 0.1362 0.3859 0.2577 0.1391 0.1435 1 
0.8742 0.9471 0.9264 0.7107 0.9675 0.4874 0.4653 0.0146 3 
0.5679 0.7750 0.8787 0.8521 0.8416 0.4013 0.0832 0.0963 2 
0.8514 0.5563 0.2544 0.5123 0.9664 0.1639 0.6903 0.9259 2 
0.5986 0.1900 0.7398 0.4400 0.8456 0.6247 0.8300 0.0487 4 
0.0878 0.8300 0.5107 0.8993 0.3588 0.4001 0.3320 0.6407 2 
0.6244 0.5007 0.1199 0.3745 0.4757 0.5628 0.8268 0.5497 3 
0.2144 0.9644 0.2863 0.7037 0.4613 0.9171 0.3272 0.6780 3 
0.8854 0.1327 0.2992 0.2245 0.0264 0.3799 0.3697 0.7432 1 
0.8744 0.6694 0.6691 0.1559 0.0316 0.7082 0.5051 0.4424 2 
0.7236 0.0791 0.6519 0.0358 0.6344 0.0841 0.7701 0.2300 2 
0.9258 0.1325 0.4121 0.7483 0.2657 0.7261 0.6658 0.6993 3 
0.6123 0.3001 0.3346 0.5884 0.4412 0.8954 0.6966 0.6309 4 
0.7006 0.0201 0.7907 0.6735 0.3937 0.0626 0.4691 1.0000 1 
0.9104 0.1140 0.4286 0.0381 0.6259 0.0440 0.8870 0.9376 2 
0.1383 0.8997 0.7632 0.5215 0.6605 0.2795 0.7777 0.2672 3 
0.4303 0.6553 0.6747 0.7000 0.5750 0.4131 0.9950 0.1457 4 
0.5292 0.6386 0.7549 0.5718 0.7417 0.2506 0.8392 0.0279 4 
0.4597 0.7390 0.0109 0.3597 0.6733 0.7174 0.6700 0.4932 3 
0.1513 0.3931 0.0651 0.3309 0.3291 0.0949 0.3132 0.3183 1 
0.3435 0.8500 0.0208 0.6422 0.0838 0.3626 0.8557 0.2317 3 
0.5020 0.4723 0.8515 0.7417 0.9264 0.4152 0.1241 0.8809 1 
0.3281 0.0789 0.4439 0.1875 0.8418 0.7494 0.6708 0.7096 3 
0.7592 0.9549 0.9059 0.3422 0.4327 0.4106 0.2587 0.6604 1 
0.8404 0.1738 0.1240 0.7049 0.6380 0.6022 0.4102 0.0983 3 
0.9746 0.6549 0.6668 0.4642 0.2061 0.2010 0.6084 0.3340 2 
0.1878 0.8075 0.3963 0.7356 0.5914 0.1554 0.6585 0.1134 3 
0.0056 0.7418 0.4569 0.0689 0.5290 0.1952 0.8634 0.2329 3 
0.9743 0.1662 0.8588 0.5706 0.5893 0.4127 0.5499 0.4687 3 
0.7435 0.5503 0.8980 0.8717 0.5036 0.9790 0.9600 0.9158 4 
0.6358 0.7199 0.1645 0.7096 0.2472 0.6101 0.8715 0.2807 4 
0.7171 0.4660 0.5304 0.3925 0.5173 0.6667 0.8686 0.8340 4 
0.8697 0.0852 0.0879 0.9712 0.9953 0.9805 0.6131 0.3855 4 
0.0344 0.4855 0.1297 0.6562 0.8768 0.9645 0.7211 0.6891 4 
0.1675 0.3257 0.0487 0.2443 0.1491 0.6683 0.7888 0.0715 3 
0.3736 0.9672 0.3861 0.8752 0.7008 0.5491 0.0975 0.3429 2 
0.8754 0.6020 0.0550 0.5719 0.1013 0.2991 0.4667 0.6905 1 
0.6782 0.5579 0.6806 0.6888 0.1957 0.0130 0.5187 0.3479 2 
0.2062 0.8176 0.4505 0.6658 0.3448 0.9121 0.2592 0.1812 3 
0.7287 0.4566 0.1416 0.5844 0.7022 0.7297 0.5760 0.6867 3 
0.8241 0.9491 0.6658 0.9251 0.2908 0.6319 0.5885 0.2148 4 
0.8873 0.8328 0.7522 0.1747 0.5251 0.4183 0.3452 0.0397 2 
0.3632 0.7259 0.5907 0.5123 0.6196 0.5886 0.5247 0.8789 2 
0.2766 0.7815 0.4611 0.4230 0.3917 0.0189 0.9509 0.2041 3 
0.1406 0.7497 0.1512 0.7092 0.8925 0.6356 0.1783 0.4935 2 
0.5519 0.3880 0.3726 0.1934 0.9489 0.9287 0.8358 0.4644 4 
0.2645 0.7381 0.9407 0.3205 0.0097 0.4481 0.3771 0.5995 2 
0.0746 0.3715 0.3532 0.0693 0.1828 0.2208 0.8310 0.5819 2 
0.7900 0.4272 0.8025 0.4492 0.4150 0.3546 0.7328 0.5141 3 
0.5556 0.8578 0.5810 0.8853 0.6890 0.3155 0.3129 0.7516 2 
0.0194 0.6898 0.5507 0.1293 0.1537 0.8581 0.7160 0.0990 4 
0.4253 0.9044 0.8670 0.0535 0.5136 0.3830 0.2963 0.3268 1 
0.1255 0.7983 0.7571 0.7828 0.9173 0.0362 0.7840 0.2811 3 
0.4532 0.9655 0.6192 0.0441 0.7269 0.9630 0.1760 0.9266 1 
0.2456 0.3569 0.0385 0.9256 0.7147 0.6929 0.9669 0.5696 4 
0.2448 0.9921 0.4057 0.8427 0.2101 0.1256 0.2932 0.1281 1 
0.7989 0.4637 0.2215 0.4208 0.9524 0.6112 0.8744 0.9924 4 
0.6827 0.8099 0.4700 0.6078 0.5502 0.7328 0.9858 0.8974 4 
0.4531 0.1552 0.7718 0.6875 0.4142 0.4121 0.2712 0.1551 2 
0.0248 0.8502 0.9137 0.3911 0.5135 0.0382 0.9227 0.9914 2 
0.4065 0.6643 0.4136 0.7598 0.6675 0.2513 0.6082 0.8739 2 
0.5506 0.0946 0.8836 0.3350 0.0626 0.7360 0.5838 0.2783 3 
0.0517 0.3044 0.8296 0.4855 0.0228 0.7375 0.3543 0.7219 2 
0.1250 0.4496 0.3128 0.3094 0.2831 0.5433 0.2502 0.4399 1 
0.5732 0.5346 0.3042 0.1362 0.7514 0.0384 0.9041 0.4089 3 
0.2867 0.1832 0.2243 0.2413 0.6392 0.0082 0.8913 0.5728 2 
0.5662 0.0000 0.1471 0.9796 0.0645 0.6932 0.4376 0.8022 2 
0.1515 0.3809 0.7745 0.1518 0.2921 0.7776 0.1076 0.1306 1 
0.4243 0.4679 0.2108 0.2460 0.1043 0.7280 0.0519 0.7530 1 
0.6220 0.6668 0.5752 0.3342 0.5842 0.8749 0.7989 0.2265 4 
0.1653 0.0815 0.2901 0.5408 0.4100 0.4944 0.7091 0.1402 3 
0.7658 0.5375 0.3488 0.4188 0.7776 0.5153 0.4327 0.4561 2 
0.0463 0.4485 0.1381 0.1375 0.1523 0.5105 0.5213 0.4377 2 
0.6584 0.2776 0.1421 0.1593 0.1372 0.2242 0.6200 0.7449 1 
0.9428 0.2913 0.8833 0.2761 0.3262 0.4760 0.2600 0.1958 2 
0.3481 0.7431 0.0943 0.2446 0.1061 0.4262 0.1349 0.3373 1 
0.5557 0.5061 0.4743 0.3651 0.9479 0.6351 0.6567 0.5238 3 
0.9463 0.9327 0.2982 0.4715 0.9568 0.1616 0.9272 0.5338 4 
0.2260 0.4264 0.2560 0.7070 0.1146 0.9336 0.0461 0.8043 1 
0.5476 0.0107 0.4505 0.8767 0.8291 0.6302 0.9338 0.0651 4 
0.5007 0.9427 0.3452 0.0383 0.0971 0.0289 0.3565 0.5096 1 
0.1587 0.0912 0.9848 0.9402 0.4596 0.2018 0.0711 0.7079 1 
0.6848 0.1574 0.1815 0.8473 0.5978 0.2786 0.9389 0.4156 4 
0.5774 0.2885 0.9829 0.7589 0.2166 0.5682 0.0787 0.9226 1 
0.3031 0.5818 0.8305 0.1406 0.8204 0.6786 0.2170 0.0987 2 
0.5347 0.8757 0.6607 0.1805 0.4055 0.9590 0.2584 0.6105 2 
0.5248 0.8118 0.5247 0.9163 0.4331 0.5898 0.7467 0.7985 4 
0.8749 0.1693 0.2170 0.8472 0.9701 0.7279 0.3010 0.2011 3 
0.4597 0.4795 0.5428 0.2254 0.4516 0.6609 0.1412 0.3426 1 
0.7328 0.2823 0.4678 0.5574 0.6882 0.9139 0.6076 0.2271 4 
0.8076 0.0713 0.7252 0.6361 0.9567 0.1072 0.9780 0.7768 4 
0.0724 0.6803 0.4636 0.1473 0.1985 0.0857 0.8707 0.2135 2 
0.6647 0.4500 0.9935 0.9414 0.1223 0.4208 0.5927 0.6125 3 
0.3464 0.1054 0.0161 0.2707 0.4631 0.7797 0.8019 0.9852 3 
0.5566 0.9620 0.7839 0.5574 0.5943 0.9958 0.8856 0.2758 4 
0.8512 0.6092 0.7598 0.8680 0.3719 0.2261 0.9117 0.7852 4 
0.8794 0.2176 0.4992 0.8861 0.2205 0.7487 0.0902 0.7263 1 
0.6737 0.2359 0.0042 0.5866 0.6587 0.6907 0.5893 0.5527 3 
0.9593 0.9309 0.6148 0.7696 0.9940 0.6883 0.1881 0.0091 3 
0.8235 0.1749 0.0314 0.6881 0.6378 0.2685 0.1665 0.5371 1 
0.0394 0.4920 0.6299 0.4347 0.8003 0.6305 0.1455 0.6046 1 
0.5700 0.4050 0.9357 0.7411 0.7587 0.2030 0.8782 0.7653 3 
0.8684 0.7297 0.9567 0.1415 0.4519 0.6458 0.9689 0.6276 4 
0.1429 0.7990 0.0060 0.6671 0.3970 0.4962 0.7644 0.8956 3 
0.9035 0.6646 0.1189 0.6068 0.4997 0.1495 0.3908 0.7705 1 
0.6025 0.2881 0.5749 0.2604 0.7623 0.6248 0.1081 0.2967 1 
0.9265 0.5197 0.5203 0.7298 0.4438 0.8841 0.5850 0.4895 4 
0.2230 0.6247 0.6653 0.3689 0.1349 0.8327 0.6815 0.1990 4 
0.8433 0.8538 0.2283 0.5976 0.1355 0.6835 0.1048 0.1647 1 
0.8779 0.4862 0.0468 0.4988 0.5226 0.8524 0.4849 0.4280 3 
0.7810 0.5977 0.4068 0.2678 0.7216 0.4092 0.2902 0.1355 2 
0.2750 0.3214 0.7937 0.9008 0.9927 0.9255 0.2779 0.0145 4 
0.2436 0.1393 0.0859 0.8705 0.4508 0.0577 0.7795 0.6889 2 
0.0968 0.5604 0.4449 0.7650 0.7716 0.3245 0.2353 0.0237 2 
0.6408 0.3825 0.9264 0.8959 0.4457 0.3473 0.9536 0.8213 4 
0.3081 0.7119 0.2261 0.9603 0.9217 0.6443 0.7045 0.7438 4 
0.4080 0.1538 0.8990 0.2734 0.8906 0.6416 0.6082 0.1635 3 
0.2401 0.0618 0.1422 0.7487 0.7794 0.0678 0.1587 0.1805 1 
0.1493 0.7786 0.1221 0.6335 0.6409 0.4135 0.5592 0.2616 3 
0.2824 0.5887 0.9345 0.4496 0.3899 0.7937 0.8131 0.7047 4 
0.0047 0.5217 0.7428 0.3020 0.6234 0.3721 0.4322 0.8724 1 
0.4604 0.8339 0.2111 0.3923 0.1733 0.2291 0.1619 0.1351 1 
0.6922 0.1593 0.3542 0.2359 0.2916 0.9219 0.6455 0.3378 3 
0.9805 0.3615 0.5401 0.4568 0.3963 0.7097 0.5329 0.8384 2 
0.3507 0.8442 0.8952 0.0424 0.4727 0.6050 0.9347 0.8525 4 
0.0008 0.6717 0.2364 0.8104 0.6066 0.0948 0.7199 0.2227 3 
0.0237 0.7027 0.4544 0.5135 0.2570 0.3066 0.1920 0.3634 1 
0.4898 0.4934 0.2451 0.9772 0.4527 0.4356 0.0871 0.4770 1 
0.6331 0.0401 0.8409 0.5514 0.2486 0.3137 0.8163 0.8550 3 
0.6088 0.4902 0.2842 0.4608 0.3212 0.8827 0.0091 0.9660 1 
0.8756 0.4770 0.5895 0.6850 0.1306 0.2812 0.6577 0.0820 3 
0.7516 0.4074 0.5612 0.3669 0.7517 0.6086 0.9226 0.7549 4 
0.1112 0.2315 0.4826 0.3488 0.7528 0.5826 0.5175 0.9088 2 
0.6598 0.4727 0.9234 0.4175 0.0404 0.7904 0.8569 0.8374 4 
0.0624 0.0093 0.7849 0.5735 0.8767 0.9791 0.9382 0.5113 4 
0.5448 0.4943 0.0804 0.8071 0.8410 0.0703 0.1728 0.4329 1 
0.4754 0.8683 0.4542 0.7591 0.4327 0.1992 0.0490 0.9098 1 
0.3877 0.3583 0.2739 0.0048 0.0732 0.6894 0.8616 0.7347 3 
0.1394 0.8861 0.6649 0.4773 0.9327 0.1618 0.9119 0.5638 4 
0.3742 0.8216 0.6337 0.4692 0.2853 0.6891 0.8454 0.3477 4 
0.1503 0.8949 0.0981 0.9040 0.1141 0.3646 0.2916 0.7153 1 
0.2764 0.6981 0.3957 0.2916 0.2652 0.0569 0.4436 0.4986 1 
0.6421 0.1832 0.1609 0.5615 0.7047 0.9548 0.0273 0.2422 2 
0.7458 0.2171 0.9710 0.9762 0.1399 0.5361 0.9657 0.0357 4 
0.3479 0.4190 0.9577 0.9059 0.8713 0.7129 0.6800 0.9346 4 
0.7693 0.7004 0.3917 0.6983 0.7673 0.7711 0.1269 0.6918 2 
0.1479 0.3596 0.4225 0.5145 0.2788 0.3970 0.1225 0.9763 1 
0.7088 0.7385 0.8571 0.6821 0.8060 0.1375 0.3332 0.9990 1 
0.5839 0.8505 0.0989 0.4655 0.9359 0.2115 0.6606 0.3775 2 
0.9506 0.5891 0.1779 0.1923 0.5732 0.4389 0.9504 0.3457 4 
0.1396 0.4089 0.4461 0.5715 0.4966 0.3505 0.2845 0.5271 1 
0.0501 0.3151 0.4128 0.5700 0.4381 0.8547 0.7740 0.0826 4 
0.8672 0.1994 0.5582 0.3750 0.6720 0.9977 0.3356 0.7257 2 
0.6209 0.8350 0.2848 0.1144 0.8373 0.2413 0.5879 0.8890 1 
0.9118 0.2141 0.4430 0.9604 0.2699 0.1359 0.5825 0.8092 2 
0.2088 0.1072 0.7500 0.8433 0.2903 0.4974 0.5447 0.0530 3 
0.4146 0.8688 0.6397 0.7466 0.3165 0.0387 0.2214 0.6182 1 
0.3305 0.5866 0.8434 0.1999 0.7793 0.4156 0.9633 0.5808 4 
0.5158 0.0386 0.9792 0.8453 0.7319 0.9804 0.2257 0.5052 3 
0.8329 0.0062 0.8299 0.0242 0.7364 0.7895 0.2704 0.9891 1 
0.9981 0.6674 0.7441 0.5584 0.0856 0.5957 0.3336 0.0553 2 
0.2697 0.4745 0.0809 0.7795 0.9055 0.3589 0.1126 0.2573 1 
0.3766 0.3876 0.1294 0.9913 0.9733 0.7784 0.1496 0.5154 2 
0.9690 0.7337 0.8370 0.0392 0.7750 0.4639 0.7167 0.2738 3 
0.4872 0.4538 0.1886 0.3320 0.7457 0.6739 0.8631 0.1772 4 
0.4759 0.0886 0.5245 0.4460 0.4694 0.6397 0.4406 0.5291 2 
0.5986 0.7868 0.9344 0.3861 0.3625 0.8861 0.9447 0.1980 4 
0.6575 0.2113 0.2567 0.6469 0.8429 0.9314 0.3104 0.4798 3 
0.5815 0.2321 0.9070 0.0586 0.3445 0.1579 0.3929 0.9337 1 
0.9362 0.7025 0.8739 0.4704 0.8025 0.4882 0.0353 0.0461 2 
0.1086 0.5788 0.2946 0.4449 0.2584 0.4138 0.0338 0.3003 1 
0.5137 0.5466 0.2770 0.5372 0.6504 0.5740 0.0672 0.9003 1 
0.3585 0.5774 0.4773 0.6510 0.4192 0.2955 0.1813 0.2119 1 
0.5007 0.6622 0.3591 0.9305 0.5146 0.2543 0.6531 0.1198 3 
0.0789 0.5977 0.7525 0.6986 0.9210 0.7973 0.7342 0.6844 4 
0.0874 0.5939 0.3091 0.0952 0.7680 0.5257 0.3565 0.3206 2 
0.4347 0.2985 0.6989 0.0985 0.3512 0.3656 0.4979 0.5449 2 
0.5147 0.3977 0.5021 0.5262 0.8476 0.7684 0.5113 0.9677 3 
0.2368 0.8519 0.2047 0.2206 0.9304 0.2234 0.8227 0.1184 3 
0.7123 0.7097 0.7324 0.1752 0.6707 0.3025 0.5930 0.9805 2 
0.8615 0.5322 0.2928 0.1092 0.4528 0.8244 0.1240 0.8583 1 
0.0945 0.5473 0.5347 0.3142 0.6100 0.3222 0.0643 0.9044 1 
0.3337 0.3552 0.1743 0.2085 0.6660 0.9448 0.1430 0.0970 2 
0.9272 0.7362 0.2781 0.7851 0.2270 0.3416 0.4063 0.3984 2 
0.6578 0.5114 0.5244 0.0895 0.3107 0.1235 0.6298 0.2051 2 
0.3787 0.3063 0.6809 0.5337 0.7344 0.2041 0.7012 0.2579 3 
0.9418 0.8497 0.0569 0.0083 0.8293 0.4210 0.0969 0.7504 1 
0.7442 0.9660 0.8610 0.8392 0.7025 0.4111 0.6051 0.2666 4 
0.2043 0.0194 0.4379 0.1987 0.1656 0.0382 0.1169 0.9748 1 
0.1686 0.5881 0.8522 0.0010 0.9239 0.4377 0.8751 0.5718 3 
0.8686 0.0189 0.7960 0.4925 0.6733 0.6657 0.9135 0.1163 4 
0.7294 0.5685 0.9460 0.8527 0.4073 0.5777 0.8479 0.4562 4 
0.3187 0.7465 0.9795 0.5012 0.5896 0.0213 0.1713 0.8737 1 
0.1589 0.8932 0.7629 0.2340 0.3967 0.3286 0.3326 0.6508 1 
0.9072 0.1220 0.3552 0.8911 0.0361 0.2882 0.3418 0.8804 1 
0.4524 0.2398 0.1923 0.0688 0.3319 0.6047 0.0335 0.0073 1 
0.2528 0.0907 0.7391 0.7729 0.7657 0.9191 0.4630 0.3214 4 
0.4645 0.2131 0.0300 0.6604 0.5570 0.2608 0.5648 0.5207 2 
0.7868 0.3982 0.7645 0.9662 0.1419 0.2496 0.0315 0.7472 1 
0.5171 0.2075 0.0921 0.9854 0.3384 0.4149 0.3103 0.4144 2 
0.4489 0.6355 0.4837 0.5891 0.7828 0.2024 0.9295 0.9309 3 
0.9159 0.2103 0.4925 0.9275 0.0169 0.1820 0.8028 0.8714 3 
0.5856 0.8104 0.0698 0.4876 0.7532 0.5808 0.4825 0.9997 2 
0.7225 0.7100 0.9563 0.4662 0.3854 0.0271 0.1727 0.1193 1 
0.2757 0.7737 0.8913 0.8683 0.8478 0.4450 0.6624 0.3807 4 
0.6172 0.2003 0.3290 0.4876 0.9330 0.4468 0.1516 0.1268 1 
0.7036 0.7764 0.8875 0.7383 0.0130 0.9585 0.9768 0.4051 4 
0.2611 0.7346 0.0836 0.1219 0.8670 0.6042 0.4221 0.3676 2 
0.3137 0.3185 0.5532 0.7829 0.6241 0.4996 0.0434 0.2338 1 
0.4270 0.6418 0.9245 0.4621 0.5440 0.2778 0.3276 0.0359 2 
0.3821 0.5371 0.2973 0.4480 0.9135 0.8791 0.0442 0.0242 2 
0.2748 0.8576 0.7136 0.4040 0.7819 0.6776 0.2724 0.7906 2 
0.5949 0.3144 0.5509 0.6682 0.7389 0.0707 0.0489 0.4339 1 
0.7090 0.6097 0.2058 0.1597 0.9209 0.6360 0.1420 0.8190 1 
0.3162 0.2387 0.7519 0.3849 0.6931 0.8236 0.1945 0.9396 1 
0.6071 0.8612 0.1095 0.6782 0.7140 0.7247 0.8266 0.0684 4 
0.4254 0.6075 0.0583 0.0894 0.7751 0.7734 0.3694 0.4285 2 
0.6986 0.7361 0.2650 0.7892 0.3461 0.8364 0.9864 0.2372 4 
0.9396 0.6670 0.5759 0.4916 0.5839 0.3634 0.2941 0.1863 2 
0.2428 0.2314 0.9599 0.4118 0.9124 0.2439 0.8488 0.8479 3 
0.3521 0.2169 0.3429 0.8054 0.1374 0.8766 0.8705 0.5846 4 
0.3714 0.3688 0.4732 0.9636 0.6598 0.2263 0.7222 0.2870 3 
0.8026 0.0635 0.6758 0.6732 0.6568 0.5156 0.4123 0.3531 2 
0.6187 0.3946 0.2437 0.1134 0.5138 0.1142 0.9284 0.9365 2 
0.2254 0.1765 0.4733 0.9858 0.5716 0.4543 0.2564 0.2582 2 
0.7507 0.8413 0.4959 0.8844 0.9487 0.0554 0.8137 0.1581 4 
0.7495 0.9702 0.0268 0.2175 0.9786 0.1171 0.9075 0.1651 3 
0.5106 0.3787 0.2550 0.0965 0.5569 0.8080 0.2598 0.9208 1 
0.5809 0.5268 0.8880 0.0276 0.5366 0.5203 0.1729 0.7596 1 
0.3348 0.4579 0.9383 0.9055 0.8428 0.0521 0.8594 0.7083 3 
0.1634 0.9843 0.3248 0.8737 0.5483 0.1617 0.1347 0.9858 1 
0.4393 0.9429 0.0081 0.3537 0.1446 0.0259 0.8350 0.8796 2 
0.9599 0.2343 0.1965 0.7021 0.4437 0.6368 0.1116 0.1536 2 
0.9034 0.5454 0.4745 0.7147 0.0122 0.5970 0.0674 0.6780 1 
0.0463 0.0051 0.2261 0.6039 0.8098 0.4793 0.3455 0.3867 2 
0.4631 0.3157 0.4988 0.2885 0.7175 0.2380 0.4506 0.5032 1 
0.5866 0.9163 0.3745 0.8811 0.5171 0.7827 0.6068 0.8718 3 
0.9121 0.3212 0.5313 0.5264 0.0547 0.8019 0.7288 0.1496 4 
0.7772 0.1024 0.7728 0.8142 0.5657 0.6162 0.1302 0.5189 2 
0.1738 0.9418 0.7539 0.8177 0.2242 0.4129 0.2683 0.4251 2 
0.1786 0.9152 0.2567 0.2460 0.1866 0.2540 0.1741 0.9687 1 
0.9603 0.4340 0.4577 0.3473 0.7826 0.8298 0.2879 0.1067 3 
0.7039 0.2537 0.4901 0.3269 0.1656 0.8920 0.8188 0.4024 4 
0.7990 0.3465 0.5886 0.0754 0.5804 0.2121 0.9396 0.7955 3 
0.1556 0.3981 0.6723 0.2843 0.6760 0.7786 0.3996 0.2695 3 
0.3644 0.4899 0.9322 0.5655 0.9797 0.3015 0.3751 0.4012 2 
0.4730 0.8927 0.2211 0.6484 0.8149 0.2373 0.8993 0.9551 3 
0.5620 0.7261 0.7591 0.1686 0.2359 0.7815 0.9473 0.9671 4 
0.9166 0.8997 0.0466 0.4835 0.8338 0.3468 0.8925 0.6062 4 
0.8567 0.1571 0.5155 0.1144 0.4161 0.2706 0.2344 0.6907 1 
0.5265 0.5796 0.0238 0.3965 0.3123 0.3616 0.1348 0.2547 1 
0.2032 0.6288 0.6688 0.0574 0.3816 0.3598 0.0029 0.2964 1 
0.3172 0.7722 0.4550 0.3111 0.3586 0.5780 0.2250 0.1620 2 
0.5088 0.2935 0.1136 0.8619 0.9190 0.6440 0.3869 0.3218 3 
0.8254 0.9573 0.5079 0.4916 0.7634 0.7902 0.0503 0.3168 2 
0.4843 0.5106 0.1483 0.7701 0.3039 0.3846 0.7743 0.2400 3 
0.6522 0.2276 0.7532 0.2520 0.0135 0.4608 0.9949 0.1020 4 
0.6105 0.4288 0.2745 0.6437 0.3511 0.9754 0.6951 0.0705 4 
0.0098 0.5837 0.2217 0.5272 0.9000 0.1228 0.7627 0.3307 3 
0.5886 0.0865 0.8007 0.4189 0.4304 0.2216 0.6042 0.6520 2 
0.7985 0.7986 0.0602 0.3601 0.6155 0.2506 0.3968 0.1038 2 
0.6418 0.9720 0.6258 0.5890 0.3169 0.4084 0.5431 0.1857 3 
0.5645 0.8726 0.1986 0.4568 0.3121 0.7260 0.3862 0.5423 2 
0.6992 0.1971 0.9584 0.4391 0.9149 0.4178 0.5091 0.1324 3 
0.6300 0.0491 0.0401 0.0021 0.2582 0.5989 0.9154 0.5556 3 
0.8833 0.6667 0.2255 0.4099 0.3397 0.3097 0.0788 0.8393 1 
0.2829 0.4717 0.5754 0.5679 0.5764 0.2346 0.8970 0.4183 4 
0.7509 0.7180 0.7335 0.7419 0.9029 0.4695 0.5559 0.0601 4 
0.8476 0.0529 0.9207 0.7413 0.1646 0.0299 0.4571 0.8776 1 
0.1375 0.7398 0.3226 0.3803 0.5748 0.1102 0.8308 0.3608 3 
0.5229 0.0145 0.4008 0.7719 0.9802 0.4540 0.3309 0.3527 2 
0.7177 0.6002 0.9820 0.2574 0.8589 0.0787 0.2997 0.6966 1 
0.8509 0.2696 0.9331 0.1308 0.3979 0.5621 0.6762 0.3319 3 
0.9766 0.6202 0.6486 0.0362 0.9013 0.8671 0.2494 0.7070 2 
0.4622 0.0793 0.1086 0.7215 0.6302 0.1659 0.0338 0.0008 1 
0.5424 0.6924 0.7837 0.6473 0.4353 0.5095 0.6382 0.9171 3 
0.0243 0.8385 0.0122 0.8342 0.0074 0.9543 0.7798 0.5631 4 
0.8173 0.7255 0.6588 0.5069 0.9075 0.2965 0.6435 0.2352 3 
0.1510 0.9682 0.1726 0.2027 0.0338 0.6723 0.8133 0.7836 3 
0.4142 0.5602 0.2462 0.7319 0.3353 0.3754 0.0914 0.8534 1 
0.5993 0.3514 0.6465 0.3783 0.8153 0.9827 0.0917 0.4250 2 
0.9350 0.2490 0.7023 0.8901 0.9983 0.9418 0.9845 0.7536 4 
0.8706 0.3519 0.2543 0.4258 0.8490 0.5223 0.7367 0.5061 3 
0.3808 0.3509 0.3596 0.9131 0.6448 0.3442 0.2825 0.8303 1 
0.6101 0.1000 0.0778 0.6286 0.5453 0.2497 0.5985 0.5198 2 
0.7122 0.1707 0.9080 0.9371 0.7845 0.3006 0.6722 0.4833 3 
0.8865 0.9016 0.4258 0.1329 0.7852 0.1997 0.5547 0.9251 1 
0.6187 0.5369 0.4547 0.3651 0.9594 0.0085 0.1917 0.6249 1 
0.4446 0.7782 0.6695 0.6865 0.6912 0.3404 0.6499 0.0885 3 
0.4973 0.1507 0.8548 0.9978 0.6402 0.5367 0.4258 0.8985 2 
0.5237 0.8336 0.0596 0.2324 0.6027 0.5710 0.7016 0.0863 3 
0.9750 0.0955 0.6728 0.3752 0.3338 0.7033 0.0651 0.8709 1 
0.9820 0.1944 0.1620 0.7088 0.1080 0.5183 0.6216 0.1626 3 
0.6497 0.5851 0.9897 0.0532 0.8358 0.7161 0.9211 0.6606 4 
0.2952 0.1510 0.8608 0.5712 0.1216 0.2015 0.4846 0.1842 2 
0.5029 0.1399 0.0358 0.4763 0.7660 0.9384 0.9569 0.5190 4 
0.5964 0.1766 0.6697 0.8529 0.8553 0.7391 0.5442 0.3426 4 
0.5568 0.8106 0.2872 0.3534 0.1405 0.4486 0.9625 0.2074 4 
0.7418 0.5337 0.5028 0.1660 0.0562 0.5641 0.5451 0.4295 2 
0.5418 0.1739 0.4481 0.5295 0.3396 0.8863 0.3163 0.3149 2 
0.4091 0.6926 0.0781 0.3438 0.0445 0.2636 0.8050 0.7868 2 
0.3352 0.1656 0.8752 0.4340 0.6401 0.2182 0.8772 0.0882 4 
0.2065 0.7888 0.0591 0.0678 0.7928 0.3727 0.1630 0.4433 1 
0.3881 0.9113 0.9962 0.0728 0.7934 0.8927 0.9244 0.3502 4 
0.5140 0.1907 0.5975 0.1460 0.1943 0.2082 0.6403 0.9604 1 
0.2034 0.3000 0.9055 0.0119 0.1143 0.7679 0.5222 0.9551 2 
0.6820 0.5084 0.4242 0.6162 0.2977 0.4611 0.9279 0.5936 4 
0.0943 0.0837 0.4466 0.6226 0.2575 0.2402 0.2349 0.7273 1 
0.7065 0.7793 0.7944 0.5526 0.9707 0.2258 0.6505 0.2535 3 
0.9310 0.5006 0.1442 0.3348 0.2423 0.9598 0.8145 0.2694 4 
0.9462 0.8034 0.6607 0.3638 0.0776 0.0561 0.4069 0.3476 1 
0.6096 0.4309 0.7640 0.7412 0.1365 0.6636 0.5901 0.1552 4 
0.9343 0.5858 0.5558 0.7633 0.8573 0.8585 0.9987 0.1746 4 
0.4161 0.4277 0.4041 0.6200 0.7319 0.1788 0.0400 0.5119 1 
0.2595 0.9114 0.3520 0.4014 0.7116 0.8053 0.2647 0.9366 2 
0.0472 0.9917 0.9539 0.7248 0.5354 0.0832 0.1529 0.8375 1 
0.1791 0.1595 0.3856 0.6511 0.0176 0.8707 0.6172 0.0106 4 
0.5354 0.9237 0.0180 0.5480 0.9069 0.0193 0.5836 0.8518 2 
0.8891 0.6581 0.5135 0.3544 0.3931 0.4668 0.3717 0.0400 2 
0.9208 0.1724 0.5036 0.5964 0.7051 0.4331 0.2904 0.4067 2 
0.5833 0.9073 0.2908 0.2678 0.6598 0.7305 0.5194 0.6423 3 
0.3857 0.7584 0.3146 0.6053 0.0124 0.4449 0.8986 0.5048 4 
0.2553 0.0580 0.8799 0.3975 0.0825 0.3261 0.2236 0.7282 1 
0.5453 0.9425 0.6960 0.7584 0.5330 0.9903 0.1457 0.6400 2 
0.6551 0.4448 0.3243 0.7867 0.8964 0.3102 0.9173 0.0338 4 
0.0334 0.9360 0.3905 0.3943 0.5736 0.5087 0.0493 0.7686 1 
0.5347 0.7080 0.1335 0.2606 0.4782 0.0369 0.5997 0.9814 1 
0.5682 0.0473 0.0965 0.3352 0.4107 0.7110 0.1890 0.9946 1 
0.4864 0.8240 0.4503 0.0521 0.8075 0.1501 0.4334 0.5937 1 
0.8263 0.1721 0.1614 0.4803 0.7224 0.9210 0.2852 0.5303 2 
0.7690 0.7562 0.4004 0.1307 0.4124 0.2568 0.8837 0.7951 3 
0.6549 0.4225 0.5344 0.7913 0.8168 0.0264 0.5912 0.6236 2 
0.9656 0.4551 0.1217 0.4175 0.0480 0.5477 0.1799 0.3385 1 
0.3268 0.5342 0.9161 0.1160 0.1890 0.3259 0.2468 0.3894 1 
0.7124 0.7233 0.5980 0.7829 0.9279 0.6107 0.4409 0.0427 3 
0.6013 0.6989 0.6504 0.4995 0.9568 0.0333 0.1251 0.5310 1 
0.8969 0.8615 0.9951 0.3345 0.4603 0.7442 0.3781 0.6323 2 
0.6369 0.4356 0.3785 0.7450 0.9269 0.0157 0.7233 0.0693 3 
0.8609 0.6572 0.0046 0.7640 0.6935 0.8750 0.4506 0.7228 3 
0.1438 0.0798 0.2891 0.2459 0.3267 0.1191 0.0270 0.3813 1 
0.0132 0.8974 0.7805 0.7132 0.6113 0.7046 0.9641 0.9831 4 
0.2560 0.7157 0.5418 0.9038 0.9158 0.5932 0.7449 0.5694 4 
0.5009 0.8961 0.9464 0.0236 0.0096 0.6192 0.3830 0.1116 2 
0.6621 0.5342 0.6375 0.6902 0.4582 0.3579 0.0111 0.5385 1 
0.5796 0.8666 0.1708 0.0537 0.0160 0.7057 0.9532 0.3447 4 
0.1051 0.0770 0.3836 0.5771 0.3291 0.5156 0.7723 0.3336 3 
0.6608 0.0939 0.8609 0.7087 0.8166 0.8912 0.6389 0.2422 4 
0.1527 0.0746 0.8274 0.6612 0.8098 0.6198 0.2774 0.5413 2 
0.0181 0.7127 0.9202 0.8344 0.0913 0.3302 0.8157 0.6562 3 
0.3080 0.8821 0.7900 0.7814 0.4951 0.1266 0.1436 0.6319 1 
0.6494 0.0687 0.4271 0.2080 0.9244 0.6391 0.0954 0.3450 1 
0.2373 0.9343 0.4814 0.1853 0.4048 0.5255 0.9201 0.2410 4 
0.2782 0.5651 0.8385 0.2829 0.9033 0.4487 0.5893 0.5669 3 
0.2067 0.8501 0.1757 0.4637 0.2969 0.4412 0.2771 0.8715 1 
0.6227 0.9237 0.1001 0.1468 0.4493 0.4348 0.3691 0.6161 1 
0.1974 0.1392 0.1793 0.6811 0.5990 0.7354 0.7617 0.9762 3 
0.2476 0.5528 0.3380 0.5590 0.0279 0.4638 0.9322 0.1126 4 
0.6488 0.2889 0.8745 0.7213 0.6938 0.7398 0.3569 0.1744 3 
0.5155 0.7795 0.8169 0.6044 0.5144 0.1359 0.8267 0.1558 3 
0.3504 0.1477 0.3041 0.4157 0.2405 0.7135 0.1997 0.9967 1 
0.5796 0.3720 0.0195 0.0318 0.2810 0.4145 0.4558 0.1056 1 
0.9347 0.0905 0.7815 0.3086 0.2591 0.7344 0.2562 0.3759 2 
0.4957 0.2470 0.7725 0.2643 0.9808 0.7885 0.5798 0.2554 4 
0.2113 0.5837 0.9220 0.0577 0.9988 0.0887 0.3188 0.4514 1 
0.3734 0.2980 0.0849 0.1795 0.3078 0.4865 0.5152 0.8190 1 
0.5522 0.5540 0.1335 0.6146 0.9656 0.6708 0.5527 0.5237 3 
0.0269 0.6894 0.6730 0.9575 0.5598 0.9183 0.2555 0.0783 3 
0.2148 0.3548 0.5228 0.6332 0.3282 0.5736 0.6851 0.3194 3 
0.6228 0.4643 0.8975 0.5952 0.4071 0.4783 0.0125 0.9697 1 
0.9899 0.3540 0.6611 0.7636 0.2457 0.9335 0.9679 0.2420 4 
0.3401 0.1883 0.2772 0.7925 0.6917 0.2407 0.7664 0.5138 3 
0.7333 0.2211 0.5761 0.2613 0.7668 0.3648 0.1881 0.8743 1 
0.6349 0.8113 0.2256 0.1150 0.9359 0.7743 0.3477 0.4044 2 
0.1901 0.9520 0.6183 0.6221 0.5098 0.2894 0.9011 0.3471 4 
0.7088 0.8672 0.4989 0.8895 0.5574 0.2226 0.4025 0.1800 2 
0.8300 0.5855 0.5671 0.0677 0.8757 0.1854 0.5615 0.9196 1 
0.9159 0.9120 0.9117 0.3048 0.3974 0.4140 0.9590 0.9393 4 
0.8705 0.0105 0.1900 0.6145 0.8874 0.4646 0.6520 0.9354 2 
0.4034 0.2720 0.8048 0.3260 0.5000 0.3516 0.4890 0.2668 2 
0.1871 0.3237 0.3237 0.4222 0.5848 0.3093 0.7388 0.0865 3 
0.0348 0.4644 0.5113 0.6154 0.9067 0.6588 0.5160 0.8918 3 
0.2348 0.7462 0.8258 0.4513 0.7847 0.2444 0.9004 0.6259 4 
0.5526 0.9606 0.3045 0.1684 0.0063 0.8832 0.6113 0.0921 3 
0.9727 0.2136 0.9414 0.5153 0.9266 0.5032 0.4498 0.4621 3 
0.9214 0.1991 0.5780 0.5159 0.2601 0.9414 0.8389 0.7327 4 
0.0139 0.3429 0.8793 0.9246 0.5552 0.0336 0.3287 0.4324 1 
0.4272 0.4458 0.4701 0.0443 0.6655 0.3142 0.9320 0.0782 3 
0.8424 0.5047 0.9775 0.1775 0.2637 0.1831 0.4421 0.2284 2 
0.7555 0.4308 0.2716 0.9589 0.3941 0.2771 0.9400 0.5994 4 
0.3628 0.7768 0.3649 0.6661 0.7238 0.2512 0.0882 0.4036 1 
0.8804 0.8868 0.6100 0.4349 0.6769 0.4272 0.1820 0.9627 1 
0.6114 0.7042 0.4180 0.0811 0.7358 0.2351 0.8489 0.1588 3 
0.1930 0.3892 0.5944 0.9552 0.4969 0.0675 0.5713 0.1797 2 
0.9570 0.4181 0.8814 0.3650 0.6542 0.1869 0.4773 0.9227 1 
0.7976 0.3519 0.3518 0.1722 0.9110 0.9342 0.8903 0.6084 4 
0.0494 0.6130 0.6116 0.1488 0.4734 0.0245 0.8000 0.9033 2 
0.3166 0.6757 0.1491 0.0171 0.1549 0.0450 0.8722 0.3555 2 
0.9436 0.3421 0.5412 0.6796 0.9525 0.2313 0.2972 0.3363 2 
0.7899 0.0391 0.5776 0.6007 0.3648 0.1477 0.4041 0.3686 1 
0.5624 0.9137 0.8459 0.1606 0.6733 0.9997 0.5079 0.8615 3 
0.2896 0.2223 0.9067 0.7016 0.7142 0.7702 0.5791 0.7473 3 
0.4836 0.2780 0.3784 0.0246 0.0743 0.2382 0.8299 0.3292 2 
0.0625 0.5322 0.0582 0.1008 0.6472 0.9510 0.5472 0.9894 2 
0.0854 0.6183 0.7938 0.9967 0.0807 0.5695 0.1578 0.8481 1 
0.4276 0.8775 0.6435 0.8248 0.5237 0.0594 0.9913 0.8094 4 
0.6720 0.1915 0.8927 0.1171 0.5123 0.5822 0.8974 0.6916 4 
0.9750 0.6889 0.8752 0.7047 0.2247 0.5570 0.6107 0.3417 3 
0.1731 0.1439 0.9163 0.4454 0.8488 0.0138 0.1942 0.2068 1 
0.2109 0.9927 0.3457 0.9116 0.8135 0.4097 0.7483 0.0014 4 
0.4736 0.2195 0.1458 0.6145 0.6822 0.2539 0.9038 0.0985 4 
0.1663 0.4053 0.7023 0.3333 0.2973 0.8767 0.1445 0.7299 1 
0.5754 0.8191 0.9175 0.8344 0.3460 0.7443 0.4230 0.1285 3 
0.3858 0.8574 0.2778 0.5015 0.4819 0.2506 0.5011 0.6970 2 
0.8206 0.0954 0.7681 0.1299 0.8178 0.5519 0.0495 0.5448 1 
0.6877 0.2747 0.7010 0.0609 0.0752 0.8123 0.0360 0.9071 1 
0.8824 0.5522 0.5007 0.4488 0.5796 0.6414 0.2414 0.1507 2 
0.0644 0.2522 0.3541 0.6552 0.0018 0.5520 0.8436 0.4958 3 
0.8589 0.6396 0.4577 0.2730 0.1766 0.6843 0.7596 0.7002 3 
0.5595 0.5767 0.0425 0.5038 0.6252 0.1310 0.2507 0.0334 1 
0.7167 0.3805 0.6365 0.7089 0.7070 0.7462 0.5813 0.7747 3 
0.5373 0.5095 0.1220 0.5314 0.6925 0.0492 0.6159 0.3165 2 
0.3836 0.9014 0.5835 0.5291 0.2611 0.2660 0.9775 0.1201 4 
0.6046 0.6865 0.0040 0.2066 0.9259 0.1307 0.0878 0.8907 1 
0.0052 0.7560 0.0193 0.1695 0.0700 0.7960 0.0279 0.1601 1 
0.3005 0.7469 0.3820 0.8118 0.8649 0.5901 0.2880 0.1725 3 
0.0527 0.4817 0.5311 0.1622 0.5268 0.9397 0.2244 0.1659 2 
0.2258 0.4814 0.0896 0.9470 0.8370 0.1131 0.1387 0.6036 1 
